CYP2D6 allele	African American/Afro-Caribbean	American	Central/South Asian	East Asian	European	Latino	Near Eastern	Oceanian	Sub-Saharan African
*1	0.21115738	0.5008011	0.29324096	0.25778997	0.28500712	0.36455274	0.24876314	0.6170194	0.041160643
*1x2	0.007974796	0.02489247	0.005793713	0.0033543645	0.008242789	0.015091962	0.031482305	0.118886255	0.005798577
*1x≥3	0.0	0.0	0.0	0.0	0.0006873065	0.00050			0.002
*2	0.15468602	0.217449	0.27445427	0.1191732	0.18536054	0.22684056	0.19004925	0.0611197	0.17411785
*2x2	0.01866399	0.007473117	0.0069125737	0.0045895264	0.008509548	0.011836204	0.03314872	0.0	0.01857755
*2x≥3	0.0	0.001	0.0	0.001	0.001	0.00050			0.003
*3	0.0032821998	0.000654978	0.0012986185	0.0000556167	0.015922716	0.0071793622	0.0043491097	0.0010404624	0.00097510597
*3x2	0.0				0.00010	0.00050			
*4	0.048111428	0.10194215	0.089567736	0.005269325	0.1848476	0.12051356	0.11405941	0.017797798	0.028728502
*4x2	0.026700884	0.0010676404	0.00047151276	0.0	0.0065507535	0.0040316023	0.0032411083	0.0	0.01958727
*4x≥3	0.001	0.0	0.0	0.0	0.0				0.001
*5	0.054194603	0.01643337	0.041759778	0.0482394	0.029482473	0.02915789	0.018235605	0.03483003	0.062093228
*6	0.0028887512	0.0025018877	0.00040183793	0.00015815398	0.011197059	0.0051102643	0.00543274	0.0	0.0
*6x2	0.000067795685	0.0		0.0	0.0	0.00011035591	0.0		
*7	0.0002489224	0.0030718232	0.0073079397	0.000073912495	0.0005116425	0.0	0.00286119	0.0	0.0
*8	0.0	0.0010120482	0.0	0.0	0.00022450546	0.0	0.0	0.0	0.0
*9	0.0043313783	0.007059503	0.0018789063	0.0017375742	0.02754178	0.015500509	0.0038028897	0.0	0.0
*9x2	0.0	0.0	0.0	0.0	0.000111773355	0.0			0.0
*10	0.038160447	0.014500251	0.07559443	0.4284454	0.01571283	0.026291614	0.06769364	0.05713253	0.048685744
*10x2	0.0011707664	0.0	0.0	0.005851049	0.0001068211	0.0016659324	0.0022595506	0.0	0.0
*11	0.00028528165	0.0	0.0	0.0	0.000148423	0.0	0.0	0.0	0.0
*12	0.00066490064	0.0063913045	0.0	0.0	0.00013778963		0.0		0.0021024519
*13	0.000562724	0.001	0.00074228394	0.0012615201	0.00091628334				0.001
*14	0.0	0.0	0.0	0.004713944	0.0	0.0		0.0	0.0
*15	0.0	0.0009130435	0.0	0.00009106044	0.0004858789	0.0	0.0	0.0	0.0023113154
*17	0.16882424	0.0052698795	0.0004806022	0.00009343609	0.0039216722	0.023261126	0.030970177	0.0010413943	0.19355005
*17x2	0.0019977347	0.0	0.0	0.0	0.0	0.008826584	0.0		0.002
*18	0.0			0.0013486103	0.0		0.0		
*19	0.0			0.0	0.0003139269		0.0	0.002224	0.0
*20	0.0	0.0	0.0	0.00011437685	0.0		0.0	0.0	0.0
*21	0.0	0.0	0.0	0.0035356972	0.0		0.0		0.0
*22	0.0	0.003	0.0	0.0	0.003		0.0		0.0
*23				0.0			0.0		
*24	0.0			0.0			0.0		
*25	0.0			0.0	0.0		0.0	0.0	
*26	0.0			0.0	0.0		0.0	0.0	
*27	0.003	0.003	0.0	0.00056961953	0.0		0.007		0.0033585813
*28	0.0	0.0024450659	0.0	0.00021425438	0.004213198		0.0		0.0
*29	0.08743822	0.0020174354	0.0016065163	0.000097904944	0.0010464214	0.0152478125	0.0077560195	0.0	0.10832976
*29x2	0.0010999363	0.0	0.0	0.0	0.0	0.00018922375			0.003
*30	0.0			0.0	0.0		0.0	0.0	0.0
*31	0.0	0.006	0.0	0.0	0.001476514	0.007475	0.0	0.0	0.0
*32	0.0	0.003	0.002	0.0	0.003		0.0		0.00044395798
*33	0.0	0.0022216009	0.002	0.00021425438	0.009507331		0.0		0.0
*34	0.0	0.0	0.0	0.008890849	0.010744718	0.00050		0.0018	0.001
*35	0.008867127	0.011335291	0.008267974	0.0005036332	0.05468046	0.026583293	0.022185262	0.003691906	0.0
*35x2	0.00009041316	0.0	0.0	0.0	0.00057484733	0.00093648373	0.0		0.0
*36	0.005231697	0.0	0.0	0.011395853	0.00017518068	0.002	0.0	0.0	0.004
*36x2	0.000092301394	0.0	0.0	0.004052432	0.0	0.00050			0.0
*37				0.0			0.0		
*38				0.0	0.0		0.0		
*39	0.020066908	0.001	0.0033921853	0.0056442493	0.014010031	0.008	0.026844444	0.0063141957	0.0
*40	0.004642406	0.0	0.0	0.0	0.00069944287		0.0	0.0	0.013843585
*41	0.037086975	0.027095573	0.11927969	0.023172446	0.09237511	0.051015634	0.15358411	0.032435685	0.045287773
*41x2	0.00059508317	0.0	0.00049214147	0.00022746579	0.00033715033	0.00008218229	0.004381261	0.0	0.00042713177
*42	0.0036646896	0.0	0.00077314815	0.0	0.0		0.0		0.001
*43	0.006397251	0.001	0.01	0.00038300423	0.00058934913		0.003	0.002	0.010089807
*43x2	0.0	0.001	0.0	0.0	0.0				0.001
*44				0.00041258382	0.0		0.0		
*45	0.05011446	0.003	0.0	0.0	0.0		0.0		0.010027528
*45x2	0.0010954796	0.0	0.0	0.0	0.0	0.0			0.001
*46	0.010738235	0.001	0.0	0.0	0.0		0.003		0.00040690208
*47				0.0003937946			0.0		
*48				0.00024301164			0.0		
*49	0.0	0.0	0.0	0.009911487	0.0		0.0		0.0
*50				0.00039791822	0.0		0.0		0.0
*51				0.00048685525			0.0		
*52	0.0	0.0	0.0	0.0015746974	0.0		0.0		0.0013147986
*53				0.00019958949		0.005	0.0		0.0
*54				0.0004402299	0.0		0.0		
*55				0.00019958949			0.0		
*56	0.0015748427	0.0	0.0	0.0	0.0008093927		0.0		0.002
*58	0.0012297297			0.0	0.0		0.0		0.0
*59	0.0	0.001	0.0	0.0	0.003719603		0.0		0.0
*60				0.0014483429			0.0		
*61				0.0					
*63				0.00028595122					
*64				0.0			0.0		0.0
*65				0.029529046			0.0		0.0
*68	0.0	0.0	0.001	0.0	0.0				0.0
*69	0.0	0.001	0.002	0.010007915	0.001		0.0		0.001
*70				0.0	0.0		0.0		0.0
*71	0.0	0.0	0.0	0.00093401206	0.0		0.0	0.042666666	0.0
*73	0.0	0.0	0.0	0.0	0.0		0.0		0.0022770695
*74	0.0	0.0	0.0	0.0	0.0		0.0		0.0013760228
*75				0.00029222333					
*82	0.0	0.006451613	0.00089590444	0.0	0.0	0.021	0.0		0.0
*84	0.003	0.0	0.0	0.0	0.0				0.001
*85				0.0					
*86	0.0	0.0	0.021387372	0.0001941358	0.0				0.0
*99	0.0	0.0	0.002	0.0	0.0				0.0
*100	0.0		0.003						
*101	0.0		0.003						
*102				0.0			0.0033		
*103				0.0			0.0033		
*104				0.0			0.0033		
*105				0.0			0.006		
*106	0.0	0.0	0.0	0.0	0.0				0.015
*108	0.0	0.003	0.0	0.0	0.003				0.0
*111	0.0	0.004	0.008	0.0	0.004				0.0
*112	0.0	0.0	0.002	0.0	0.0				0.0
*113	0.0	0.0	0.008	0.0	0.0				0.0
*114				0.0007862866					
*117	0.0	0.004	0.0	0.0	0.004				0.0
*119	0.0	0.0	0.0	0.0	0.0				0.0
*121	0.003	0.0	0.0	0.0	0.0				0.0
*122	0.003	0.0	0.0	0.0	0.0				0.001
*125	0.003	0.0	0.0	0.0	0.0				0.003
*139	0.0	0.0	0.001	0.0	0.0				0.001
*144	0.0	0.0	0.0	0.0	0.0				0.0
*146x2									0.00052
*149	0.0	0.0	0.0	0.0	0.0				0.1502089
*152									0.00052
*153									0.00052
*154									0.00052
*155									0.00104
*156									0.00104
*157									0.00052
*158									0.00208
*159									0.00052
*160									0.00052
*161									0.00208
*162									0.00052
*163									0.00052